No	GenomicLocus	uniqID	rsID	chr	pos	p	nSNPs	nGWASSNPs
1	1	1:43773033:A:G	rs2275180	1	43773033	3.262e-08	110	110
2	1	1:43930738:A:G	rs2842198	1	43930738	6.261e-09	101	101
3	1	1:43974091:A:G	rs34898652	1	43974091	1.752e-08	64	64
4	1	1:43983679:A:AT	rs35947542	1	43983679	8.788e-09	14	14
5	1	1:44062154:C:T	rs673253	1	44062154	1.531e-11	61	61
6	1	1:44068275:A:G	rs492929	1	44068275	3.656e-09	45	45
7	1	1:44076469:A:G	rs549845	1	44076469	1.381e-10	34	34
8	1	1:44151435:T:TCAA	rs150623615	1	44151435	4.466e-10	150	150
9	1	1:44184192:G:GT	rs11420276	1	44184192	6.452e-13	156	156
10	1	1:44323244:C:T	rs3952787	1	44323244	7.063e-09	50	50
11	1	1:44366250:A:G	rs3791101	1	44366250	5.3e-11	26	26
12	2	1:96602440:A:G	rs1222063	1	96602440	3.068e-08	4	4
13	3	3:20573468:C:G	rs1021938	3	20573468	3.594e-08	3	3
14	3	3:20669071:G:T	rs4858241	3	20669071	8.172e-09	20	20
15	4	4:31151456:C:T	rs28411770	4	31151456	1.152e-08	65	65
16	5	5:87854395:A:C	rs4916723	5	87854395	1.807e-08	27	27
17	6	5:88215594:A:G	rs304132	5	88215594	3.047e-08	3	3
18	7	7:114058731:C:CA	rs34291892	7	114058731	1.585e-08	44	44
19	7	7:114086133:G:GTC	rs5886709	7	114086133	2.056e-08	80	80
20	8	8:34352610:A:G	rs74760947	8	34352610	1.393e-08	47	47
21	9	10:106747354:A:T	rs11591402	10	106747354	1.76e-08	132	132
22	10	12:89760744:A:G	rs1427829	12	89760744	1.349e-09	13	13
23	11	15:47730870:C:T	rs8039398	15	47730870	2.986e-09	54	54
24	12	16:72578131:A:G	rs212178	16	72578131	1.198e-08	18	18
