No	GenomicLocus	uniqID	rsID	chr	pos	p	nSNPs	nGWASSNPs
1	1	1:152192927:C:G	rs147288664	1	152192927	4.912e-14	4	1
2	2	1:155135036:A:G	rs35749011	1	155135036	4.713e-18	13	11
3	2	1:155437711:A:G	rs35777901	1	155437711	2.143e-16	7	6
4	2	1:156007988:A:G	rs35603727	1	156007988	5.283e-12	13	11
5	3	1:205642790:G:T	rs2153904	1	205642790	1.989e-09	19	14
6	3	1:205720483:A:G	rs823116	1	205720483	3.299e-08	18	13
7	4	2:135537119:G:T	rs6741007	2	135537119	4.095e-08	100	77
8	5	2:169119609:C:G	rs4613239	2	169119609	5.964e-11	17	13
9	6	3:182758040:C:T	rs4859267	3	182758040	5.264e-09	36	30
10	6	3:182762437:A:G	rs12637471	3	182762437	9.784e-12	43	35
11	7	4:939087:C:T	rs6599388	4	939087	1.497e-16	3	2
12	7	4:943534:C:G	rs10017289	4	943534	3.549e-08	26	23
13	7	4:951947:C:T	rs34311866	4	951947	1.538e-16	1	1
14	7	4:954247:G:T	rs3733345	4	954247	6.423e-09	20	15
15	7	4:954741:C:G	rs56039006	4	954741	4.194e-08	45	36
16	7	4:960331:C:G	rs11248059	4	960331	2.282e-08	66	53
17	8	4:15737120:A:G	rs4403048	4	15737120	1.117e-10	18	15
18	8	4:15737348:A:G	rs4698412	4	15737348	2.209e-12	11	11
19	8	4:15738795:A:G	rs4698119	4	15738795	2.539e-08	2	2
20	9	4:90572277:A:T	rs72657705	4	90572277	5.922e-11	4	4
21	9	4:90606597:C:T	rs356229	4	90606597	3.675e-08	3	2
22	9	4:90626111:A:G	rs356182	4	90626111	4.933e-34	22	17
23	9	4:90634806:A:T	rs6825421	4	90634806	1.472e-18	94	71
24	9	4:90642464:A:T	rs356221	4	90642464	1.269e-27	23	17
25	9	4:90696036:C:T	rs58054215	4	90696036	6.796e-16	81	70
26	9	4:90699779:C:T	rs72503734	4	90699779	4.245e-08	13	11
27	9	4:90709741:A:G	rs3775439	4	90709741	1.783e-08	9	8
28	9	4:90740878:A:G	rs2737020	4	90740878	1.454e-12	46	45
29	9	4:90752205:C:T	rs2619357	4	90752205	2.911e-13	8	8
30	9	4:90757294:A:C	rs1372518	4	90757294	1.643e-24	58	53
31	9	4:90757735:A:C	rs2619361	4	90757735	4.956e-11	144	117
32	9	4:90857479:A:G	rs12646270	4	90857479	3.735e-08	46	38
33	10	5:60345424:G:T	rs75646569	5	60345424	4.386e-10	78	63
34	11	11:14913645:A:G	rs202122669	11	14913645	1.658e-08	11	3
35	12	11:133774863:A:C	rs510306	11	133774863	1.814e-08	13	8
36	12	11:133811531:A:G	rs10894767	11	133811531	2.284e-08	5	4
37	13	12:40582993:A:G	rs2263418	12	40582993	1.427e-08	52	38
38	13	12:40653510:A:G	rs28903073	12	40653510	5.122e-11	2	1
39	14	12:123326598:G:T	rs10847864	12	123326598	3.775e-11	3	3
40	15	16:30982225:A:G	rs4889603	16	30982225	2.895e-08	74	57
41	16	17:43473307:C:G	rs62064597	17	43473307	3.353e-09	3216	2239
42	16	17:43798360:A:G	rs55938136	17	43798360	3.754e-11	1	1
43	16	17:43915497:C:T	rs62054807	17	43915497	4.998e-09	2953	2098
44	16	17:44192568:C:T	rs4630591	17	44192568	1.043e-12	3591	2213
45	16	17:44252468:A:G	rs576904891	17	44252468	1.269e-09	3548	2204
46	16	17:44322960:A:G	rs531756820	17	44322960	5.506e-10	1	1
47	16	17:44355634:C:G	17:44355634:C:G	17	44355634	9.131e-11	1	1
48	16	17:44753025:C:T	rs199470	17	44753025	1.993e-09	5	2
49	16	17:44801340:C:T	rs199452	17	44801340	6.46e-12	2951	1864
50	17	18:40672964:A:G	rs4588066	18	40672964	6.863e-09	13	12
