No	GenomicLocus	uniqID	rsID	chr	pos	p	nSNPs	nGWASSNPs
1	1	1:207747296:A:G	rs1752684	1	207747296	3.653e-15	24	20
2	1	1:207850539:C:T	rs11118328	1	207850539	3.414e-10	2	1
3	2	2:127875660:A:G	rs10929007	2	127875660	6.523e-09	18	13
4	2	2:127882182:C:T	rs35103166	2	127882182	2.128e-08	4	3
5	2	2:127885651:A:G	rs719054	2	127885651	1.299e-10	10	7
6	2	2:127886416:A:C	rs12617835	2	127886416	7.698e-13	7	5
7	2	2:127887560:C:T	rs13004848	2	127887560	8.954e-09	27	19
8	2	2:127889637:A:G	rs7561528	2	127889637	6.539e-18	10	7
9	2	2:127891427:A:C	rs4663105	2	127891427	1.001e-26	4	3
10	2	2:127893897:C:G	rs745717	2	127893897	2.879e-12	1	1
11	3	6:47362439:C:T	rs6934355	6	47362439	3.282e-08	1	1
12	3	6:47432637:C:T	rs9381563	6	47432637	5.3e-09	98	77
13	4	7:143099133:A:C	rs10808026	7	143099133	1.417e-11	7	7
14	4	7:143108158:C:T	rs7810606	7	143108158	1.767e-08	2	2
15	4	7:143110762:A:G	rs11771145	7	143110762	8.757e-10	4	2
16	4	7:143122457:A:G	rs10226151	7	143122457	5.909e-09	14	11
17	4	7:143123975:A:T	rs62472730	7	143123975	3.718e-08	16	14
18	5	8:27195121:C:T	rs28834970	8	27195121	3.273e-09	15	12
19	5	8:27462481:A:G	rs7982	8	27462481	2.477e-17	11	10
20	5	8:27463618:C:T	rs9331908	8	27463618	4.697e-10	3	3
21	6	11:59866309:C:T	rs2855017	11	59866309	3.323e-10	201	162
22	6	11:60021948:A:G	rs1582763	11	60021948	2.036e-12	155	123
23	6	11:60103385:C:T	rs72924659	11	60103385	5.354e-13	11	9
24	7	11:85839935:C:T	rs7114401	11	85839935	5.055e-10	36	22
25	7	11:85845473:A:G	rs7938634	11	85845473	5.295e-09	17	14
26	7	11:85867875:A:G	rs10792832	11	85867875	6.534e-16	65	51
27	8	11:121435587:C:T	rs11218343	11	121435587	4.976e-11	3	1
28	8	11:121512901:C:G	rs573605	11	121512901	5.449e-09	2	2
29	9	14:92938855:A:G	rs12590654	14	92938855	4.097e-08	1	1
30	10	18:29088958:C:T	rs8093731	18	29088958	4.63e-08	17	6
31	11	19:1048393:A:G	rs67027268	19	1048393	4.702e-09	8	7
32	11	19:1063443:A:G	rs4147929	19	1063443	1.701e-09	4	4
33	12	19:45053138:A:C	rs73046410	19	45053138	3.624e-09	9	8
34	12	19:45078553:A:C	rs846881	19	45078553	6.907e-09	3	2
35	12	19:45080065:C:G	rs846876	19	45080065	3.011e-08	6	5
36	12	19:45146103:C:T	rs7255066	19	45146103	5.274e-10	33	29
37	12	19:45149613:C:T	rs56261258	19	45149613	1.368e-13	2	2
38	12	19:45181228:A:G	rs2919845	19	45181228	1.173e-10	4	3
39	12	19:45199524:C:T	rs73035597	19	45199524	1.376e-12	1	1
40	12	19:45202027:A:G	rs12150984	19	45202027	2.123e-09	1	1
41	12	19:45220896:C:T	rs11881756	19	45220896	2.362e-10	12	11
42	12	19:45221767:C:T	rs79638902	19	45221767	1.455e-17	24	21
43	12	19:45222789:C:G	rs73037426	19	45222789	1.545e-22	1	1
44	12	19:45227742:C:T	rs7254776	19	45227742	4.598e-22	6	6
45	12	19:45231821:A:G	rs1551891	19	45231821	1.675e-13	13	9
46	12	19:45232161:A:G	rs62117160	19	45232161	2.678e-16	2	1
47	12	19:45235202:C:T	rs80307900	19	45235202	2.718e-09	2	1
48	12	19:45240584:C:T	rs55923289	19	45240584	8.299e-43	2	2
49	12	19:45241638:A:G	rs2927437	19	45241638	1.226e-32	6	4
50	12	19:45247048:C:T	rs4803748	19	45247048	8.726e-37	9	8
51	12	19:45249661:C:T	rs12459810	19	45249661	6.774e-43	1	1
52	12	19:45253491:C:T	rs10401176	19	45253491	1.508e-11	2	1
53	12	19:45253582:A:G	rs8100197	19	45253582	1.713e-19	24	17
54	12	19:45297928:A:G	rs2889414	19	45297928	2.492e-43	1	1
55	12	19:45309431:C:T	rs35371096	19	45309431	1.055e-08	1	1
56	12	19:45313715:C:T	rs2927477	19	45313715	4.038e-11	13	8
57	12	19:45322744:A:G	rs1135062	19	45322744	3.511e-24	1	1
58	12	19:45323243:A:G	rs28399635	19	45323243	5.042e-09	1	1
59	12	19:45324138:A:G	rs28399637	19	45324138	4.663e-69	1	1
60	12	19:45327423:G:T	rs4803758	19	45327423	1.206e-67	28	22
61	12	19:45331686:C:T	rs112262807	19	45331686	3.596e-10	9	6
62	12	19:45341948:A:G	rs10407439	19	45341948	5.329e-36	10	10
63	12	19:45343579:A:G	rs55840414	19	45343579	9.492e-18	1	1
64	12	19:45344722:A:G	rs28615360	19	45344722	9.859e-15	6	3
65	12	19:45345787:A:T	rs111371860	19	45345787	1.472e-13	1	1
66	12	19:45351516:C:G	rs41289512	19	45351516	2.24e-167	4	3
67	12	19:45352487:A:T	rs12974942	19	45352487	5.469e-33	3	3
68	12	19:45352804:C:T	rs4802240	19	45352804	6.077e-19	20	17
69	12	19:45354296:A:G	rs11666329	19	45354296	1.403e-44	2	1
70	12	19:45355595:C:T	rs11667610	19	45355595	3.398e-08	7	6
71	12	19:45356141:C:T	rs2972558	19	45356141	5.111e-27	1	1
72	12	19:45357291:C:G	rs4803763	19	45357291	9.88e-89	24	19
73	12	19:45357939:A:G	rs2927468	19	45357939	1.73e-58	2	2
74	12	19:45358235:C:T	rs7249933	19	45358235	2.062e-17	12	10
75	12	19:45360762:A:G	rs8112526	19	45360762	1.15e-09	3	3
76	12	19:45361646:A:G	rs365653	19	45361646	1.05e-28	4	2
77	12	19:45363820:G:T	rs138607350	19	45363820	2.246e-39	1	1
78	12	19:45367502:C:G	rs73050216	19	45367502	2.039e-17	13	5
79	12	19:45369203:A:G	rs112422902	19	45369203	6.749e-15	5	4
80	12	19:45370941:C:T	rs41290100	19	45370941	2.817e-08	1	1
81	12	19:45377334:A:G	rs393584	19	45377334	8.83e-13	8	7
82	12	19:45377842:C:G	rs41290108	19	45377842	3.353e-13	5	3
83	12	19:45381292:G:T	rs150639620	19	45381292	1.533e-11	7	4
84	12	19:45382034:A:G	rs6859	19	45382034	3.31e-96	2	2
85	12	19:45382675:A:G	rs41290120	19	45382675	1.448e-33	2	1
86	12	19:45382966:C:T	rs3852860	19	45382966	3.937e-52	2	2
87	12	19:45383037:A:T	rs11673139	19	45383037	1.635e-24	5	4
88	12	19:45383139:A:T	rs35879138	19	45383139	5.168e-15	9	8
89	12	19:45384116:A:G	rs406315	19	45384116	5.481e-52	43	37
90	12	19:45389174:A:T	rs283813	19	45389174	1.14e-17	2	2
91	12	19:45393516:C:T	rs117310449	19	45393516	3.695e-36	2	1
92	12	19:45394211:C:T	rs76692773	19	45394211	1.207e-34	3	3
93	12	19:45395266:A:G	rs157580	19	45395266	1.21e-101	2	2
94	12	19:45395844:A:G	rs34095326	19	45395844	0	9	8
95	12	19:45396665:G:T	rs59007384	19	45396665	0	11	9
96	12	19:45396973:A:G	rs77301115	19	45396973	2.091e-76	16	14
97	12	19:45398633:C:G	rs11668327	19	45398633	4.76e-58	1	1
98	12	19:45403858:A:G	rs760136	19	45403858	1.69e-128	19	18
99	12	19:45403924:C:T	rs1160984	19	45403924	2.26e-16	2	2
100	12	19:45404691:A:G	rs405697	19	45404691	2.257e-50	1	1
101	12	19:45405499:A:G	rs141864196	19	45405499	1.377e-10	5	2
102	12	19:45406673:A:G	rs10119	19	45406673	0	1	1
103	12	19:45408564:A:T	rs1799820	19	45408564	1.507e-39	1	1
104	12	19:45415285:G:T	rs138235833	19	45415285	1.672e-10	2	1
105	12	19:45415713:A:G	rs10414043	19	45415713	0	12	12
106	12	19:45416291:C:T	rs59325138	19	45416291	6.945e-89	7	6
107	12	19:45418790:C:T	rs5117	19	45418790	0	6	4
108	12	19:45421100:A:G	rs3925681	19	45421100	8.98e-109	6	5
109	12	19:45422160:C:G	rs12721051	19	45422160	0	9	7
110	12	19:45425460:A:G	rs157595	19	45425460	3.76e-101	7	6
111	12	19:45426792:A:G	rs141622900	19	45426792	9.74e-23	4	2
112	12	19:45429543:C:T	rs71352239	19	45429543	4.553e-62	6	5
113	12	19:45442519:A:T	rs35336243	19	45442519	2.546e-18	59	42
114	12	19:45455921:A:G	rs7254723	19	45455921	1.432e-17	85	68
115	12	19:45463386:A:G	rs116949436	19	45463386	2.799e-21	2	1
116	12	19:45486687:C:G	rs143668237	19	45486687	4.816e-12	34	26
117	12	19:45500712:C:T	rs2376866	19	45500712	2.628e-14	5	3
118	12	19:45504527:C:T	rs117612135	19	45504527	2.079e-18	5	4
119	12	19:45516050:C:T	rs35194383	19	45516050	8.989e-10	15	8
120	12	19:45516881:A:G	rs34874378	19	45516881	6.551e-15	4	3
121	12	19:45523583:A:G	rs4803791	19	45523583	2.01e-13	2	2
122	12	19:45530351:C:T	rs34583389	19	45530351	1.28e-10	2	1
123	12	19:45541414:G:T	rs10856	19	45541414	1.484e-16	3	3
124	12	19:45544351:C:T	rs1968449	19	45544351	1.501e-08	31	26
125	12	19:45605308:C:T	rs12461065	19	45605308	4.072e-13	1	1
126	12	19:45628566:C:T	rs10413253	19	45628566	3.454e-08	8	8
127	12	19:45651237:A:G	rs113321260	19	45651237	1.349e-21	32	26
128	12	19:45675180:A:G	rs150685845	19	45675180	4.977e-11	7	2
129	12	19:45691303:C:G	rs75348771	19	45691303	3.14e-12	12	11
130	12	19:45691570:C:T	rs111243475	19	45691570	3.642e-08	1	1
131	12	19:45706952:A:G	rs620807	19	45706952	4.487e-13	2	1
132	12	19:45708408:C:T	rs595290	19	45708408	9.204e-14	19	16
133	12	19:45710456:C:T	rs111435864	19	45710456	1.845e-10	1	1
134	12	19:45712679:A:G	rs73566293	19	45712679	6.294e-11	20	7
135	12	19:45733201:C:T	rs346773	19	45733201	4.503e-15	5	5
136	12	19:45733897:A:G	rs10402739	19	45733897	4.197e-12	66	51
